UNITS=MM
#Layer_Color=6321
#
#Feature symbol names
#
$0 r169.33164
$1 r127

#
#Feature attribute names
#

#
#Layer features
#
A 14.40800014 13.8999976 14.40800014 13.8999976 13.90000014 13.8999976 0 P 0 N
A 14.40800014 15.0000208 14.40800014 15.0000208 13.90000014 15.0000208 0 P 0 N
A 14.40800014 16.0999932 14.40800014 16.0999932 13.90000014 16.0999932 0 P 0 N
A 15.50802334 13.8999976 15.50802334 13.8999976 15.00002334 13.8999976 0 P 0 N
A 15.50802334 15.0000208 15.50802334 15.0000208 15.00002334 15.0000208 0 P 0 N
A 15.50802334 16.0999932 15.50802334 16.0999932 15.00002334 16.0999932 0 P 0 N
A 16.60799574 13.8999976 16.60799574 13.8999976 16.09999574 13.8999976 0 P 0 N
A 16.60799574 15.0000208 16.60799574 15.0000208 16.09999574 15.0000208 0 P 0 N
A 16.60799574 16.0999932 16.60799574 16.0999932 16.09999574 16.0999932 0 P 0 N
L 2.1082 21.0058 2.6162 19.9898 1 P 0
L 2.1082 21.0058 3.1242 21.0058 1 P 0
L 2.6162 19.9898 3.1242 21.0058 1 P 0
L 2.99200062 9.00800078 3.50000062 7.99200078 1 P 0
L 2.99200062 9.00800078 4.00800062 9.00800078 1 P 0
L 2.99200062 12.25799936 3.50000062 11.24199936 1 P 0
L 2.99200062 12.25799936 4.00800062 12.25799936 1 P 0
L 2.99200062 15.50800048 3.50000062 14.49200048 1 P 0
L 2.99200062 15.50800048 4.00800062 15.50800048 1 P 0
L 2.99200062 18.25800006 3.50000062 17.24200006 1 P 0
L 2.99200062 18.25800006 4.00800062 18.25800006 1 P 0
L 3.50000062 7.99200078 4.00800062 9.00800078 1 P 0
L 3.50000062 11.24199936 4.00800062 12.25799936 1 P 0
L 3.50000062 14.49200048 4.00800062 15.50800048 1 P 0
L 3.50000062 17.24200006 4.00800062 18.25800006 1 P 0
L 5.4920007 16.50800102 6.0000007 15.49200102 1 P 0
L 5.4920007 16.50800102 6.5080007 16.50800102 1 P 0
L 6.0000007 15.49200102 6.5080007 16.50800102 1 P 0
L 6.49200124 20.50800064 7.00000124 19.49200064 1 P 0
L 6.49200124 20.50800064 7.50800124 20.50800064 1 P 0
L 7.00000124 19.49200064 7.50800124 20.50800064 1 P 0
L 9.9822 12.6492 10.4902 11.6332 1 P 0
L 9.9822 12.6492 10.9982 12.6492 1 P 0
L 9.99199932 26.24600034 10.24599932 26.24600034 1 P 0
L 9.99199932 26.24600034 10.24599932 26.50000034 1 P 0
L 9.99199932 26.75400034 10.24599932 26.50000034 1 P 0
L 9.99199932 26.75400034 10.24599932 26.75400034 1 P 0
L 10.24599932 26.24600034 10.49999932 25.99200034 1 P 0
L 10.24599932 26.75400034 10.49999932 27.00800034 1 P 0
L 10.4902 11.6332 10.9982 12.6492 1 P 0
L 10.49999932 25.99200034 10.75399932 26.24600034 1 P 0
L 10.49999932 27.00800034 10.75399932 26.75400034 1 P 0
L 10.75399932 26.24600034 11.00799932 26.24600034 1 P 0
L 10.75399932 26.50000034 11.00799932 26.24600034 1 P 0
L 10.75399932 26.50000034 11.00799932 26.75400034 1 P 0
L 10.75399932 26.75400034 11.00799932 26.75400034 1 P 0
L 11.31700048 1.49200108 11.31700048 2.50800108 1 P 0
L 11.31700048 1.49200108 12.33300048 1.49200108 1 P 0
L 11.31700048 2.50800108 12.33300048 2.50800108 1 P 0
L 12.2419999 10.50800032 12.7499999 9.49200032 1 P 0
L 12.2419999 10.50800032 13.2579999 10.50800032 1 P 0
L 12.33300048 1.49200108 12.33300048 2.50800108 1 P 0
L 12.7499999 9.49200032 13.2579999 10.50800032 1 P 0
L 14.24200098 26.24600034 14.49600098 26.24600034 1 P 0
L 14.24200098 26.24600034 14.49600098 26.50000034 1 P 0
L 14.24200098 26.75400034 14.49600098 26.50000034 1 P 0
L 14.24200098 26.75400034 14.49600098 26.75400034 1 P 0
L 14.49200048 1.49200108 14.49200048 2.50800108 1 P 0
L 14.49200048 1.49200108 15.50800048 1.49200108 1 P 0
L 14.49200048 2.50800108 15.50800048 2.50800108 1 P 0
L 14.49600098 26.24600034 14.75000098 25.99200034 1 P 0
L 14.49600098 26.75400034 14.75000098 27.00800034 1 P 0
L 14.75000098 25.99200034 15.00400098 26.24600034 1 P 0
L 14.75000098 27.00800034 15.00400098 26.75400034 1 P 0
L 15.00400098 26.24600034 15.25800098 26.24600034 1 P 0
L 15.00400098 26.50000034 15.25800098 26.24600034 1 P 0
L 15.00400098 26.50000034 15.25800098 26.75400034 1 P 0
L 15.00400098 26.75400034 15.25800098 26.75400034 1 P 0
L 15.50800048 1.49200108 15.50800048 2.50800108 1 P 0
L 16.49199902 11.25799882 16.99999902 10.24199882 1 P 0
L 16.49199902 11.25799882 17.50799902 11.25799882 1 P 0
L 16.99999902 10.24199882 17.50799902 11.25799882 1 P 0
L 17.49199956 18.50799956 17.99999956 17.49199956 1 P 0
L 17.49199956 18.50799956 18.50799956 18.50799956 1 P 0
L 17.653 8.4836 18.161 7.4676 1 P 0
L 17.653 8.4836 18.669 8.4836 1 P 0
L 17.66700048 1.49200108 17.66700048 2.50800108 1 P 0
L 17.66700048 1.49200108 18.68300048 1.49200108 1 P 0
L 17.66700048 2.50800108 18.68300048 2.50800108 1 P 0
L 17.9832 24.4348 18.4912 23.4188 1 P 0
L 17.9832 24.4348 18.9992 24.4348 1 P 0
L 17.9920011 20.50800064 18.5000011 19.49200064 1 P 0
L 17.9920011 20.50800064 19.0080011 20.50800064 1 P 0
L 17.99999956 17.49199956 18.50799956 18.50799956 1 P 0
L 18.161 7.4676 18.669 8.4836 1 P 0
L 18.4912 23.4188 18.9992 24.4348 1 P 0
L 18.5000011 19.49200064 19.0080011 20.50800064 1 P 0
L 18.68300048 1.49200108 18.68300048 2.50800108 1 P 0
L 22.99200126 12.25799936 23.50000126 11.24199936 1 P 0
L 22.99200126 12.25799936 24.00800126 12.25799936 1 P 0
L 23.50000126 11.24199936 24.00800126 12.25799936 1 P 0
L 24.4920008 10.50800032 25.0000008 9.49200032 1 P 0
L 24.4920008 10.50800032 25.5080008 10.50800032 1 P 0
L 25.0000008 9.49200032 25.5080008 10.50800032 1 P 0
L 25.4919988 19.5080001 25.9999988 18.4920001 1 P 0
L 25.4919988 19.5080001 26.5079988 19.5080001 1 P 0
L 25.9999988 18.4920001 26.5079988 19.5080001 1 P 0
L 26.24199984 10.36699984 26.24199984 11.38299984 1 P 0
L 26.24199984 10.36699984 27.25799984 10.36699984 1 P 0
L 26.24199984 11.38299984 27.25799984 11.38299984 1 P 0
L 26.24199984 15.74200052 26.24199984 16.75800052 1 P 0
L 26.24199984 15.74200052 27.25799984 15.74200052 1 P 0
L 26.24199984 16.75800052 27.25799984 16.75800052 1 P 0
L 27.25799984 10.36699984 27.25799984 11.38299984 1 P 0
L 27.25799984 15.74200052 27.25799984 16.75800052 1 P 0
