UNITS=MM
#Layer_Color=6321
#
#Feature symbol names
#
$0 r127

#
#Feature attribute names
#

#
#Layer features
#
L 2.2606 20.4978 2.9718 20.4978 0 P 0
L 2.6162 20.1422 2.6162 20.8534 0 P 0
L 3.14440062 8.50000078 3.85560062 8.50000078 0 P 0
L 3.14440062 11.74999936 3.85560062 11.74999936 0 P 0
L 3.14440062 15.00000048 3.85560062 15.00000048 0 P 0
L 3.14440062 17.75000006 3.85560062 17.75000006 0 P 0
L 3.50000062 8.14440078 3.50000062 8.85560078 0 P 0
L 3.50000062 11.39439936 3.50000062 12.10559936 0 P 0
L 3.50000062 14.64440048 3.50000062 15.35560048 0 P 0
L 3.50000062 17.39440006 3.50000062 18.10560006 0 P 0
L 5.6444007 16.00000102 6.3556007 16.00000102 0 P 0
L 6.0000007 15.64440102 6.0000007 16.35560102 0 P 0
L 6.64440124 20.00000064 7.35560124 20.00000064 0 P 0
L 7.00000124 19.64440064 7.00000124 20.35560064 0 P 0
L 9.61900032 26.50000034 11.38099832 26.50000034 0 P 0
L 10.1346 12.1412 10.8458 12.1412 0 P 0
L 10.4902 11.7856 10.4902 12.4968 0 P 0
L 10.49999932 25.61900134 10.49999932 27.38099934 0 P 0
L 11.44400048 2.00000108 12.20600048 2.00000108 0 P 0
L 11.82500048 1.61900108 11.82500048 2.38100108 0 P 0
L 12.3943999 10.00000032 13.1055999 10.00000032 0 P 0
L 12.7499999 9.64440032 12.7499999 10.35560032 0 P 0
L 13.75000044 13.8999976 14.04999984 13.8999976 0 P 0
L 13.75000044 15.0000208 14.04999984 15.0000208 0 P 0
L 13.75000044 16.0999932 14.04999984 16.0999932 0 P 0
L 13.86900198 26.50000034 15.63099998 26.50000034 0 P 0
L 13.90000014 13.7499979 13.90000014 14.0499973 0 P 0
L 13.90000014 14.8500211 13.90000014 15.1500205 0 P 0
L 13.90000014 15.9499935 13.90000014 16.2499929 0 P 0
L 14.61900048 2.00000108 15.38100048 2.00000108 0 P 0
L 14.75000098 25.61900134 14.75000098 27.38099934 0 P 0
L 14.85002364 13.8999976 15.15002304 13.8999976 0 P 0
L 14.85002364 15.0000208 15.15002304 15.0000208 0 P 0
L 14.85002364 16.0999932 15.15002304 16.0999932 0 P 0
L 15.00000048 1.61900108 15.00000048 2.38100108 0 P 0
L 15.00002334 13.7499979 15.00002334 14.0499973 0 P 0
L 15.00002334 14.8500211 15.00002334 15.1500205 0 P 0
L 15.00002334 15.9499935 15.00002334 16.2499929 0 P 0
L 15.94999604 13.8999976 16.24999544 13.8999976 0 P 0
L 15.94999604 15.0000208 16.24999544 15.0000208 0 P 0
L 15.94999604 16.0999932 16.24999544 16.0999932 0 P 0
L 16.09999574 13.7499979 16.09999574 14.0499973 0 P 0
L 16.09999574 14.8500211 16.09999574 15.1500205 0 P 0
L 16.09999574 15.9499935 16.09999574 16.2499929 0 P 0
L 16.64439902 10.74999882 17.35559902 10.74999882 0 P 0
L 16.99999902 10.39439882 16.99999902 11.10559882 0 P 0
L 17.64439956 17.99999956 18.35559956 17.99999956 0 P 0
L 17.79400048 2.00000108 18.55600048 2.00000108 0 P 0
L 17.8054 7.9756 18.5166 7.9756 0 P 0
L 17.99999956 17.64439956 17.99999956 18.35559956 0 P 0
L 18.1356 23.9268 18.8468 23.9268 0 P 0
L 18.1444011 20.00000064 18.8556011 20.00000064 0 P 0
L 18.161 7.62 18.161 8.3312 0 P 0
L 18.17500048 1.61900108 18.17500048 2.38100108 0 P 0
L 18.4912 23.5712 18.4912 24.2824 0 P 0
L 18.5000011 19.64440064 18.5000011 20.35560064 0 P 0
L 23.14440126 11.74999936 23.85560126 11.74999936 0 P 0
L 23.50000126 11.39439936 23.50000126 12.10559936 0 P 0
L 24.6444008 10.00000032 25.3556008 10.00000032 0 P 0
L 25.0000008 9.64440032 25.0000008 10.35560032 0 P 0
L 25.6443988 19.0000001 26.3555988 19.0000001 0 P 0
L 25.9999988 18.6444001 25.9999988 19.3556001 0 P 0
L 26.36899984 10.87499984 27.13099984 10.87499984 0 P 0
L 26.36899984 16.25000052 27.13099984 16.25000052 0 P 0
L 26.74999984 10.49399984 26.74999984 11.25599984 0 P 0
L 26.74999984 15.86900052 26.74999984 16.63100052 0 P 0
